0:
100 100 100 100 100
100 100 100 100 100
0 0 0 0 0
-100 -100 -100 -100 -100
-100 -100 -100 -100 -100
30:
100 100 100 100 100
100 100 100 78 -32
100 92 0 -92 -100
32 -78 -100 -100 -100
-100 -100 -100 -100 -100
60:
100 100 100 32 -100
100 100 92 -78 -100
100 100 0 -100 -100
100 78 -92 -100 -100
100 -32 -100 -100 -100
-90:
-100 -100 0 100 100
-100 -100 0 100 100
-100 -100 0 100 100
-100 -100 0 100 100
-100 -100 0 100 100
-60:
-100 32 100 100 100
-100 -78 92 100 100
-100 -100 0 100 100
-100 -100 -92 78 100
-100 -100 -100 -32 100
-30:
100 100 100 100 100
-32 78 100 100 100
-100 -92 0 92 100
-100 -100 -100 -78 32
-100 -100 -100 -100 -100